170,22,93,14,58,47
145,61,63,81,170,151
157,128,120,189,147,43
131,147,64,198,41,85
9,110,23,73,11,178
69,145,21,76,118,74
161,158,206,151,44,201
116,155,123,75,84,28
93,126,182,85,77,103
46,194,195,189,34,205
58,101,205,24,79,175
65,106,0,174,64,152
111,152,133,201,24,140
131,90,100,25,22,10
102,128,111,198,153,91
87,117,140,85,69,97
62,29,180,66,78,91
208,94,121,34,94,74
165,154,111,120,125,124
178,46,192,194,127,173
57,48,10,87,136,204
47,42,167,25,140,199
105,191,86,134,85,73
100,22,152,13,195,64
96,173,18,70,186,104
132,14,173,125,104,199
120,68,97,84,128,161
199,27,20,85,153,36
101,194,112,201,12,85
9,157,117,158,51,4
198,150,107,7,10,79
141,124,191,83,199,21
79,177,92,42,78,122
28,112,117,117,192,51
16,175,40,89,143,118
67,158,54,152,165,100
99,126,207,36,9,77
132,134,57,202,195,187
52,75,8,169,113,40
48,146,65,13,136,6
68,118,50,161,120,24
83,65,110,96,161,35
46,125,14,183,106,53
115,192,64,48,115,156
174,197,127,190,16,29
145,61,103,72,180,119
51,141,93,35,2,142
13,73,168,191,152,54
39,28,115,199,173,139
24,102,24,142,77,44
153,99,76,181,181,206
158,81,195,36,56,205
128,20,117,74,87,178
132,160,122,3,32,155
13,157,100,77,96,3
129,150,194,165,26,175
23,152,180,60,58,83
36,142,68,171,185,73
162,125,172,172,10,196
61,79,183,189,56,197
12,196,14,149,25,5
99,0,25,176,0,89
104,23,21,21,193,5
136,182,10,159,51,85
67,121,76,149,153,22
11,22,3,156,126,72
72,165,189,108,199,143
86,179,16,91,28,143
2,59,141,124,179,34
209,40,187,81,79,143
91,147,159,141,121,154
126,96,180,45,69,108
187,167,127,40,206,56
66,5,74,97,147,8
142,87,68,174,82,201
36,73,200,194,122,33
6,97,113,179,78,3
110,57,42,184,161,73
101,35,131,90,97,99
38,112,164,65,168,142
25,101,201,110,25,10
166,192,46,59,53,69
75,167,185,171,106,26
147,10,131,24,116,117
113,100,122,71,21,178
97,51,11,206,128,159
104,111,202,108,111,13
50,120,147,32,191,24
52,152,119,85,130,97
140,164,204,20,28,24
136,158,181,40,186,67
10,131,175,39,150,138
1,6,18,137,2,130
193,84,159,165,203,119
0,31,28,81,130,149
135,67,64,186,122,207
194,67,58,40,134,200
124,49,158,185,122,53
41,55,161,32,171,105
69,190,185,59,122,177
135,32,52,18,123,100
27,73,158,15,30,61
42,37,151,109,48,205
133,72,205,56,37,203
190,30,168,16,72,9
29,16,129,151,80,79
90,147,26,5,102,95
64,196,33,1,80,107
200,120,181,74,19,158
68,66,71,28,7,48
153,12,118,11,162,58
39,89,91,102,62,189
2,155,135,123,51,186
174,34,208,87,125,36
206,195,183,49,191,112
134,153,175,207,52,129
190,18,144,106,112,105
11,20,147,110,99,161
46,79,102,38,55,49
73,124,160,61,83,179
74,41,88,176,63,52
107,90,97,121,148,123
26,196,163,71,68,9
158,172,100,192,79,30
2,138,153,203,179,20
24,2,188,186,61,129
9,80,167,81,209,90
138,8,14,195,142,142
21,130,162,110,88,28
207,29,137,72,31,183
147,95,48,70,88,24
127,37,84,119,22,190
127,131,43,94,206,87
6,195,132,161,30,150
22,184,188,1,157,155
80,176,171,198,14,160
50,81,29,130,129,106
114,115,117,37,88,80
55,125,134,163,62,63
97,204,161,90,178,133
60,80,67,0,13,185
31,26,128,34,171,150
147,25,189,150,157,143
15,78,157,63,124,142
13,186,99,13,50,196
149,203,104,31,202,176
138,61,82,144,54,5
105,24,151,72,87,11
144,94,104,75,80,2
21,99,186,105,147,100
96,97,17,39,61,165
29,29,84,84,96,208
158,75,202,80,2,39
169,20,41,6,145,57
170,156,68,98,165,130
148,37,87,92,204,9
145,99,117,205,111,100
146,166,209,192,1,10
200,49,195,71,176,148
34,147,97,102,1,48
65,49,179,154,103,43
162,11,78,185,206,40
23,1,186,206,171,184
75,166,89,70,121,149
81,53,157,112,107,34
128,193,105,91,160,76
23,94,205,72,126,3
96,88,113,172,52,153
160,15,151,159,38,32
128,42,93,172,16,87
77,94,84,103,195,132
46,72,181,10,115,182
135,83,61,85,92,22
97,53,157,122,62,163
87,33,171,45,158,0
156,37,172,5,173,53
71,170,90,164,110,156
32,73,65,154,161,154
174,109,195,207,73,139
97,143,109,41,19,79
85,171,146,96,46,42
71,53,112,82,181,184
9,28,25,183,104,108
168,119,2,54,96,18
96,153,25,16,166,106
189,125,88,45,15,124
37,99,51,7,2,53
6,34,61,166,108,131
0,108,154,130,51,33
143,84,129,12,69,18
193,99,73,109,87,29
168,69,109,192,173,32
98,51,91,143,64,0
115,7,124,68,120,86
188,121,24,68,70,120
107,13,46,200,170,174
86,139,199,174,161,161
111,80,183,56,173,172
168,121,63,20,143,60
11,114,140,153,156,5
19,44,195,139,74,67
109,138,161,91,192,109
118,118,12,31,38,76
24,185,149,81,148,30
115,137,202,21,132,31
29,201,6,198,40,19
135,116,13,109,82,129
199,115,152,43,96,18
134,102,34,58,88,147
26,132,202,84,101,21
200,134,184,68,186,118
109,17,14,64,15,91
95,127,186,102,35,148
189,21,192,70,69,82
155,135,116,162,84,95
173,36,107,188,14,195
92,156,193,106,121,203
33,78,34,68,199,144
26,139,186,87,202,55
155,32,14,55,83,32
194,97,41,206,38,186
44,52,205,38,128,8
104,142,50,177,148,153
108,72,105,146,181,199
140,42,139,185,113,128
51,96,138,96,147,113
165,63,41,65,42,29
153,204,114,177,189,202
20,87,204,119,176,132
45,131,85,197,52,128
139,92,28,8,69,39
85,86,118,90,129,22
46,157,122,13,160,93
22,84,19,143,147,24
105,134,2,136,23,163
57,37,135,189,21,123
204,25,86,11,178,133
130,103,23,14,15,82
149,53,144,21,113,54
204,43,190,72,57,38
201,202,195,44,115,22
200,134,78,121,105,74
207,189,131,131,163,61
96,62,156,138,67,125
6,167,139,208,141,179
83,55,56,142,174,119
82,114,96,60,4,176
44,178,39,85,50,63
74,87,186,49,180,178
74,195,28,203,72,127
90,79,148,42,147,209
94,203,24,173,152,192
129,161,26,191,126,126
153,38,117,153,112,101
146,53,40,36,73,174
4,13,128,154,43,80
145,194,39,199,82,118
113,65,26,47,148,208
104,97,156,62,24,15
105,183,68,187,164,22
165,158,19,121,25,30
129,103,4,20,54,97
100,75,67,88,32,61
164,156,208,155,8,184
7,92,13,110,124,93
54,20,200,35,163,31
61,20,60,56,31,21
146,47,1,139,28,92
3,88,183,91,150,133
63,96,209,102,38,8
117,14,181,194,122,73
28,93,158,89,43,109
111,105,42,50,202,202
25,194,71,4,35,141
152,182,194,49,78,98
107,73,84,167,79,137
117,109,81,65,192,148
89,154,31,186,31,127
165,83,158,182,39,2
144,166,50,145,33,96
91,197,123,195,5,147
158,208,163,13,202,119
150,155,91,94,30,187
188,36,89,189,53,62
132,156,116,157,94,109
3,21,127,170,101,110
16,8,147,112,33,176
34,166,131,194,29,81
129,43,130,189,46,167
155,30,126,134,37,113
198,141,202,31,53,65
131,113,193,105,55,200
79,197,17,206,168,101
79,71,90,142,32,57
83,108,173,174,178,113
77,103,49,207,14,22
126,183,162,67,195,17
50,121,65,202,129,158
164,83,183,91,195,110
38,184,1,128,9,99
150,23,46,204,206,128
181,74,106,118,181,175
128,118,71,133,142,178
82,14,208,127,202,9
0,17,51,192,48,57
156,161,64,185,139,62
94,185,30,88,133,52
94,97,63,151,95,53
6,123,105,30,60,197
164,74,136,195,200,138
108,129,75,205,140,191
88,120,88,146,141,194
191,109,209,3,91,180
100,67,64,79,34,147
15,159,186,32,130,131
167,27,124,176,176,89
32,178,167,47,204,197
36,94,171,36,206,22
69,83,89,203,199,186
128,39,68,104,139,56
157,129,71,52,199,197
155,28,21,54,105,29
157,66,128,185,164,63
114,89,17,48,124,167
107,58,191,63,89,37
122,130,160,102,170,6
209,131,32,67,133,149
102,70,169,129,99,27
122,0,201,16,144,41
35,37,73,187,107,93
180,7,118,61,73,21
19,109,29,201,146,83
131,93,183,26,150,86
186,51,207,10,88,18
152,59,62,67,133,164
133,59,40,2,138,136
40,103,141,65,115,17
169,88,35,86,12,112
21,99,63,183,205,164
140,81,88,101,73,103
140,206,192,103,14,129
176,128,113,45,173,157
188,99,0,109,38,148
200,74,51,106,100,100
6,73,77,64,70,116
90,75,83,196,148,90
193,28,121,131,113,114
67,92,190,85,159,37
199,7,126,45,174,150
67,36,129,122,66,42
136,203,69,50,152,137
88,85,37,49,188,78
86,104,14,24,191,29
99,179,142,48,0,207
95,157,168,17,179,142
175,103,6,158,112,187
79,40,24,143,206,96
69,190,125,191,189,167
187,185,195,40,154,128
209,115,0,129,205,166
186,57,185,35,176,12
27,48,84,174,166,30
193,111,106,164,207,18
137,147,44,164,124,183
206,78,137,178,16,111
111,71,123,203,5,112
8,183,95,99,87,202
197,188,167,117,18,206
155,174,66,178,117,70
195,177,186,67,25,111
11,176,117,94,186,49
108,145,33,203,196,15
198,43,64,183,125,159
132,150,197,106,41,76
169,0,21,29,199,118
94,179,83,145,123,96
185,187,178,176,29,0
20,191,119,101,5,139
182,88,28,188,90,122
140,5,153,157,168,40
181,129,198,201,99,126
50,47,97,76,195,85
167,125,114,147,35,162
148,13,128,114,176,146
206,21,60,112,177,147
129,83,152,49,26,49
190,170,1,33,149,69
153,193,192,20,69,65
76,146,11,60,170,77
196,169,200,188,4,204
145,24,44,112,36,31
134,39,52,138,65,56
209,178,80,49,109,161
1,185,74,100,37,61
39,84,0,196,102,0
56,181,123,52,168,57
186,152,110,202,176,74
120,120,195,27,35,127
41,130,149,152,126,155
191,18,0,105,113,155
164,77,105,156,42,76
170,142,118,44,159,93
175,65,39,25,80,25
198,44,174,150,10,35
49,38,160,136,119,50
55,8,153,145,81,2
22,7,104,178,46,180
183,52,168,100,126,152
7,135,26,176,202,147
97,152,75,154,60,183
124,188,36,56,200,158
200,34,111,56,146,167
148,182,37,46,53,163
43,51,106,9,194,101
8,90,168,168,176,155
74,81,126,40,147,40
96,43,164,57,5,140
23,53,151,176,136,163
23,133,192,207,151,78
144,144,62,162,64,147
112,132,121,132,188,200
139,199,48,184,5,99
175,65,30,149,15,50
28,67,102,193,4,206
209,116,101,105,164,160
38,7,165,51,157,209
114,143,177,105,104,205
22,174,112,121,202,165
84,113,166,146,66,119
51,165,155,52,21,78
23,14,192,30,184,131
196,99,17,20,34,90
23,207,128,170,36,157
209,158,62,120,207,77
51,81,32,186,151,96
180,32,95,47,94,44
36,92,10,100,177,119
38,30,191,1,131,107
87,206,28,15,106,84
29,99,86,195,43,197
194,108,127,139,95,117
159,163,169,183,112,44
28,122,6,207,61,176
50,171,190,117,28,79
29,162,158,122,67,19
48,191,40,149,142,64
207,97,45,40,122,96
130,135,172,36,144,92
76,64,72,8,168,163
164,201,59,21,171,8
140,115,92,102,160,92
114,5,102,141,2,66
167,4,3,106,105,102
37,32,106,21,11,151
108,45,92,81,21,193
22,15,115,111,151,116
70,120,208,196,177,32
165,77,73,38,164,141
96,68,200,156,34,11
200,26,164,102,94,46
54,45,148,51,136,65
129,163,92,23,144,154
90,4,188,79,0,189
63,126,133,2,54,168
3,172,91,125,51,25
113,170,149,146,134,114
41,17,167,20,43,184
135,176,178,91,3,65
155,21,98,147,125,206
46,34,179,37,30,78
100,197,19,181,106,169
90,128,78,207,99,151
2,121,140,81,128,178
184,176,76,76,157,139
197,39,109,11,52,186
7,54,13,114,199,209
197,126,101,13,82,21
13,106,165,59,113,11
7,83,130,196,98,85
95,69,24,108,115,176
200,81,149,201,10,74
1,23,141,49,67,165
42,1,12,121,60,19
173,198,166,94,73,166
91,188,158,52,104,205
87,176,132,42,36,127
99,85,196,151,70,48
46,86,195,159,148,26
208,73,96,134,167,95
31,204,64,153,97,130
177,110,60,143,190,24
77,22,29,204,60,160
97,190,204,117,10,89
81,181,126,135,187,5
160,82,66,209,207,132
117,200,116,98,109,82
117,13,61,91,208,180
139,152,19,1,71,38
88,51,57,169,98,168
103,140,63,30,127,118
147,189,47,204,189,116
13,44,146,63,23,102
52,108,115,187,188,89
100,124,180,134,47,50
53,48,202,34,165,104
78,104,116,51,124,144
44,95,64,171,133,51
166,12,116,31,180,75
103,181,75,176,178,43
51,190,133,99,153,16
86,165,19,19,159,111
155,44,12,203,96,130
93,136,166,125,207,185
116,112,94,39,103,78
96,26,66,202,51,148
160,106,108,142,102,97
105,135,149,152,125,61
36,123,161,74,42,209
33,69,64,179,71,46
75,155,95,10,164,202
176,74,6,68,52,130
78,38,192,121,5,15
21,182,139,58,97,89
64,126,35,124,62,175
185,8,119,151,32,52
172,199,61,174,163,98
25,62,125,141,124,204
180,166,84,199,157,105
103,144,66,73,93,111
91,127,23,45,121,65
67,31,68,169,43,94
31,209,21,111,207,203
116,73,130,152,54,37
94,92,168,166,184,139
65,191,113,129,15,43
1,83,17,39,122,196
157,165,73,163,59,35
209,136,94,6,69,68
159,65,99,159,66,62
21,158,21,190,167,75
172,49,161,8,140,162
5,65,200,194,127,164
10,12,18,158,49,98
97,197,195,169,209,86
25,185,209,197,100,107
94,54,80,68,11,55
23,120,34,100,5,86
190,11,33,51,15,159
78,11,141,89,165,162
56,189,0,67,124,72
209,26,82,50,99,152
94,0,98,28,15,50
79,105,172,56,142,125
169,175,130,138,200,203
147,182,205,182,114,85
41,204,15,181,137,68
95,161,24,113,206,66
5,53,145,193,159,29
105,152,0,46,167,15
154,117,62,47,43,13
177,7,9,82,204,15
163,85,40,3,113,154
150,101,66,159,161,54
22,74,124,121,90,138
65,159,85,7,133,77
0,96,3,12,41,100
181,117,16,103,66,207
115,188,68,144,180,171
193,83,79,66,56,78
13,154,184,73,51,93
47,114,60,178,35,12
34,191,38,128,156,13
102,182,15,196,77,207
121,191,100,99,56,84
89,178,194,174,204,102
102,65,181,11,21,146
101,142,188,130,58,83
109,171,190,208,2,85
9,19,47,159,175,156
94,87,127,87,161,112
60,187,103,9,196,118
114,0,32,73,182,177
132,20,57,165,152,208
7,155,55,110,0,6
100,173,84,98,154,189
138,152,130,40,75,33
92,181,148,6,164,127
197,90,45,167,106,158
74,146,73,25,115,132
145,24,188,97,82,28
184,145,96,71,16,102
37,87,0,188,97,27
37,130,18,35,43,123
133,100,95,64,193,99
92,111,182,180,102,35
169,65,155,191,190,166
40,5,17,96,139,192
142,40,126,101,84,21
134,62,188,149,139,83
15,11,140,74,20,84
3,98,5,197,104,155
90,132,181,105,194,69
54,161,31,30,109,118
36,121,29,136,128,87
67,162,203,159,18,69
207,12,33,154,137,167
183,73,80,87,46,116
42,154,128,189,190,10
166,156,80,76,58,82
96,60,123,202,184,23
128,131,4,77,113,93
198,96,42,120,146,206
88,114,122,149,79,102
73,14,73,0,62,52
22,83,200,68,100,82
87,176,148,184,59,11
69,14,132,151,124,171
130,145,127,169,118,75
95,168,23,117,193,174
176,63,136,42,37,46
148,122,32,65,152,197
78,80,78,202,20,46
94,41,14,165,52,194
133,58,79,7,161,75
96,97,90,209,112,52
82,75,156,61,130,47
149,66,159,174,46,3
144,174,127,86,185,43
41,64,45,29,208,32
34,178,209,178,121,69
199,192,74,32,151,28
24,143,145,26,195,61
69,97,142,94,176,152
88,164,150,50,77,18
127,138,113,73,192,95
116,54,173,30,50,154
50,66,42,3,41,138
73,106,10,114,66,168
32,49,200,29,177,23
157,150,4,49,97,13
145,107,197,166,137,89
199,50,115,153,40,12
203,81,46,4,186,15
188,88,169,91,139,98
44,1,203,179,151,54
12,55,140,25,37,156
118,18,203,166,62,27
26,1,152,87,196,119
77,68,139,105,105,9
175,171,107,89,24,92
58,147,155,169,35,7
142,24,170,120,150,29
105,127,19,158,4,56
151,120,65,136,23,37
122,111,13,189,189,89
188,86,83,58,177,78
49,67,81,69,155,112
23,159,26,150,204,88
144,112,126,178,149,136
84,97,17,156,181,138
174,96,28,6,125,171
155,43,91,22,196,144
208,17,91,159,96,188
130,120,67,93,85,114
184,81,89,137,126,184
15,74,99,203,79,155
50,55,57,132,201,173
192,161,58,12,35,46
126,202,95,62,70,123
55,7,163,151,192,91
21,178,187,95,189,144
127,96,197,67,37,54
65,190,183,166,118,151
145,34,115,161,58,7
79,100,110,105,65,183
187,60,80,111,111,179
63,64,28,98,62,89
12,177,103,188,148,23
200,202,24,85,137,188
115,176,130,136,95,16
148,133,4,206,161,38
209,83,94,22,179,104
80,134,129,131,158,30
162,141,47,97,107,54
47,24,163,164,13,47
176,146,126,140,29,16
112,1,168,41,70,9
185,174,133,21,175,31
91,165,159,143,64,76
34,113,196,97,183,180
34,63,106,53,18,197
96,10,78,4,67,63
50,183,50,134,77,96
103,3,60,35,184,12
13,203,198,11,45,128
119,184,196,183,74,75
153,104,66,136,95,128
195,195,86,40,50,24
130,29,127,149,207,52
120,26,49,83,57,123
89,146,126,4,37,0
127,73,86,58,8,75
161,1,135,133,64,112
155,158,137,135,107,69
3,124,78,160,172,122
29,88,21,105,204,141
58,111,178,105,10,182
18,33,118,127,162,15
53,60,112,173,140,184
6,29,86,68,124,206
51,193,163,49,11,117
133,6,20,42,43,104
149,166,89,190,164,1
2,194,148,182,193,79
87,30,18,138,18,119
134,116,70,64,54,165
138,67,126,86,13,11
102,15,2,97,72,96
119,44,180,85,150,61
56,177,99,111,120,43
8,128,20,117,156,88
89,173,208,117,199,20
192,92,165,172,46,201
98,141,207,52,21,168
63,204,47,107,188,182
15,154,121,76,200,31
135,178,162,122,89,157
55,59,122,105,152,9
39,127,106,188,58,28
102,58,49,54,22,51
98,42,144,101,164,40
149,31,141,25,164,184
166,72,106,12,173,83
6,44,200,88,128,208
127,23,186,47,62,0
164,158,98,5,119,101
159,149,67,81,203,200
40,140,71,49,173,103
162,35,149,176,22,135
154,149,137,196,79,93
186,159,137,165,44,2
108,138,14,52,105,161
23,103,209,114,181,147
108,173,62,47,91,99
18,13,206,13,16,27
186,37,194,121,136,30
122,16,81,31,25,106
1,37,195,26,161,149
58,19,11,4,102,172
97,0,61,163,168,107
9,59,147,53,125,141
209,181,102,85,9,36
50,33,123,77,144,51
16,148,19,120,137,197
126,91,26,117,120,187
163,186,3,187,6,5
90,35,29,116,162,185
177,73,15,89,22,27
133,34,185,200,133,97
201,130,9,204,124,90
78,34,21,137,194,17
144,111,144,106,28,9
17,3,183,126,165,13
119,154,158,137,44,148
202,96,168,39,122,63
69,40,156,120,139,63
13,110,200,207,182,153
160,40,13,59,105,147
37,170,72,137,31,149
202,95,62,79,132,181
27,201,92,22,130,184
129,198,154,197,16,158
161,91,136,206,155,68
174,29,189,185,21,46
202,129,170,16,77,98
91,83,76,144,6,178
149,9,128,121,166,108
72,14,188,176,77,144
118,26,181,152,158,14
209,106,21,79,78,6
26,160,168,96,92,15
72,114,39,183,9,42
75,172,204,12,43,139
155,156,115,49,20,13
89,134,120,116,180,195
188,109,36,82,62,17
21,158,127,182,28,87
60,83,183,197,29,53
92,167,196,140,195,13
113,144,203,120,155,28
4,74,103,129,53,73
120,88,43,96,203,157
22,161,93,143,30,68
80,78,69,108,39,4
83,102,33,110,201,23
122,194,161,157,149,147
37,10,7,80,131,172
18,195,126,108,209,2
16,110,197,19,138,26
164,64,56,206,108,127
52,71,202,161,34,131
199,53,87,163,147,110
63,186,191,184,79,52
63,97,75,80,44,169
16,55,100,42,185,53
23,73,112,109,152,44
63,134,175,22,206,88
86,158,34,86,52,160
134,195,4,84,92,59
79,63,47,201,158,42
77,27,89,103,105,111
74,68,169,201,171,32
23,162,209,12,6,23
125,125,51,124,182,64
188,66,169,78,160,84
14,61,134,59,149,75
193,170,187,107,201,127
78,101,192,16,187,139
179,130,209,38,55,140
30,55,130,148,142,168
120,77,99,160,41,32
142,193,185,65,30,164
13,194,16,37,164,43
20,49,180,12,21,181
20,191,169,156,115,92
16,121,117,59,92,55
28,5,28,49,72,31
14,93,78,123,198,206
149,194,4,15,44,44
183,17,1,144,196,75
133,158,138,115,65,5
4,84,151,196,179,190
52,111,100,114,177,11
49,170,99,12,196,62
169,40,22,100,84,161
0,24,163,138,157,120
15,3,44,55,127,35
76,83,31,156,102,146
25,197,188,119,68,103
45,26,200,168,115,146
169,57,64,91,19,173
166,74,89,189,174,90
121,13,165,90,150,142
153,76,62,23,182,68
36,54,132,122,146,70
157,69,167,103,30,188
62,122,151,165,97,65
33,79,84,71,177,208
201,60,157,199,0,39
136,168,41,187,18,190
23,154,146,151,59,136
13,115,154,128,73,45
199,42,32,60,99,29
53,112,26,49,87,44
13,136,84,94,32,144
57,183,31,130,88,52
187,29,112,74,98,3
169,129,150,22,60,71
192,119,48,187,176,26
136,14,170,197,177,98
72,150,68,167,190,51
33,63,165,147,118,1
153,152,103,90,189,185
122,103,35,40,109,50
208,12,195,144,139,155
131,23,148,185,52,11
139,35,104,164,172,134
114,48,79,4,27,157
111,139,49,158,163,148
163,79,67,199,169,138
207,61,34,151,179,143
37,87,43,18,27,3
209,166,113,24,85,24
69,203,4,209,152,48
26,8,47,132,145,147
31,104,102,174,166,190
87,184,190,112,133,136
123,150,40,35,86,109
175,50,50,8,93,193
12,106,60,151,21,148
69,118,206,78,29,150
55,76,172,139,87,50
80,1,5,203,47,108
190,12,37,186,147,19
22,199,27,192,13,30
31,102,41,105,10,83
135,17,147,73,139,158
75,5,88,28,170,79
174,120,22,117,186,152
149,20,140,61,184,136
137,178,204,62,175,201
31,185,174,67,36,83
185,63,44,48,24,100
134,193,156,110,120,1
43,123,103,72,70,7
95,32,61,143,185,134
175,110,125,167,93,12
162,190,100,111,46,191
84,32,40,113,29,206
95,10,163,135,14,139
95,77,138,138,161,189
209,36,64,59,190,204
100,58,123,89,130,147
117,184,156,128,3,184
190,69,168,63,25,148
141,204,1,141,61,106
68,58,45,110,160,21
51,142,6,14,120,63
83,34,120,181,190,49
109,110,105,76,48,59
51,133,140,43,177,10
146,176,3,45,204,166
10,117,80,113,23,205
79,100,147,101,163,90
87,57,111,154,149,197
186,4,117,40,11,140
5,14,36,36,141,18
27,77,170,164,35,144
199,109,136,65,101,176
205,110,147,25,189,174
27,124,82,200,6,33
75,160,146,155,148,76
198,196,161,188,190,191
158,4,153,183,88,45
97,198,1,126,3,95
32,165,207,194,172,143
122,167,196,171,107,190
178,81,76,149,128,86
186,32,32,156,0,80
25,57,22,69,187,25
98,177,50,208,44,30
186,58,152,72,97,173
29,37,141,43,21,152
151,143,48,124,159,148
100,46,15,106,83,1
76,177,171,76,205,96
170,123,117,174,5,135
174,120,120,36,23,58
129,125,135,127,121,75
141,101,55,34,89,18
7,37,46,161,204,46
126,96,1,78,118,126
54,137,85,102,153,203
178,181,141,75,5,166
140,83,7,100,182,0
176,79,189,174,197,15
66,109,161,108,114,80
202,115,97,49,48,0
66,166,170,20,115,104
2,136,79,199,182,121
162,169,172,170,81,30
82,83,176,201,52,165
99,57,22,31,199,170
203,27,115,8,91,22
148,166,80,19,168,139
57,46,127,69,23,9
146,91,192,86,114,51
136,88,64,77,70,119
35,164,121,97,127,147
163,129,11,78,200,75
139,62,114,68,54,147
142,23,195,134,75,156
121,132,25,30,66,8
118,63,64,166,204,16
181,4,177,137,140,44
89,125,162,73,76,101
12,43,72,185,110,34
118,117,178,161,22,43
64,38,49,130,167,126
166,103,185,181,16,187
151,1,38,81,115,98
170,54,190,182,17,11
203,129,87,169,61,14
180,146,8,9,90,102
57,136,189,89,203,64
38,197,117,54,198,75
140,171,73,20,3,176
95,207,208,148,139,150
90,104,182,53,13,113
12,0,191,77,59,9
152,175,60,184,101,32
79,96,166,151,70,104
83,199,82,119,119,54
92,165,64,144,30,147
22,179,14,61,81,101
183,171,13,73,127,33
38,142,135,182,27,54
28,118,50,161,98,3
83,86,196,84,78,149
159,196,26,195,13,84
36,176,19,25,118,26
191,152,14,112,206,196
34,108,37,191,75,131
178,161,92,172,37,34
206,191,45,150,192,162
85,126,110,22,50,11
61,198,191,119,23,171
30,28,188,149,142,112
173,77,46,40,31,132
156,166,176,62,192,167